1000000000000100000000010000001000000000000100000010000000000001000000100000000000010000000001000000
0000100000100000000000010000000001000000000010000000000000100001000000000100000000010000000001000000
0001000000000100000000010000000001000000000000010000010000000001000000000000100000010000000001000000
1000000000000001000000010000000001000000000100000000001000001000000000000010000010000000000001000000
0001000000010000000000010000001000000000000100000010000000000001000000000100000000010000000001000000
0001000000000100000000010000001000000000000100000000010000000000000010000100000000010000001000000000
0001000000000100000000010000001000000000000100000000010000000001000000000100000000010000000001000000
0001000000100000000010000000001000000000000100000010000000000001000000100000000000010000000001000000
0001000000000100000000010000000001000000000100000000000000100001000000100000000010000000000001000000
1000000000000100000000010000000000100000000100000000010000000001000000000100000000000000100001000000
0001000000000000001000010000000001000000100000000010000000001000000000000100000010000000000001000000
0000100000000100000000010000001000000000000100000000100000000001000000000100000010000000000000100000
0001000000000100000000010000000001000000000000000100010000000001000000000100000010000000000001000000
1000000000000100000000010000000001000000100000000000010000000001000000000100000000010000000001000000
0001000000000100000010000000000010000000000010000000000010000001000000100000000000010000000001000000
0001000000000100000000010000000001000000000100000000010000000001000000000100000010000000000001000000
1000000000000000100000010000000000010000000100000000010000000001000000000100000000000010000001000000
0000000001100000000000010000000001000000000100000000000100000001000000000100000000010000000001000000
0000001000000100000000001000000001000000000100000000010000001000000000000010000000010000000000100000
0000100000000010000010000000000001000000000100000000010000000001000000000100000000010000000001000000
0001000000000010000000010000000001000000000100000000000010001000000000000000010000001000000001000000
0001000000000100000000010000000001000000000100000010000000000000000001000000001000010000000001000000
0001000000000100000000010000000001000000000100000000010000000001000000000100000000000010001000000000
0001000000000100000000010000000001000000100000000010000000000000000010100000000000010000001000000000
0001000000000100000010000000000001000000000100000010000000000001000000000100000000010000000001000000
0001000000100000000000010000001000000000000100000000010000000001000000000100000000010000000001000000
0001000000000000001000010000000001000000000100000000010000000001000000000100000010000000001000000000
0001000000000100000000010000000001000000100000000000010000000000010000100000000000010000000001000000
0000000010000010000010000000000001000000000000100000010000000001000000100000000000010000000001000000
0000010000100000000000000000010000001000000100000000010000001000000000000100000000010000001000000000
